1000
491 3 0 31 0
578 7 4 48 3
797 1 1 91 3
589 10 5 98 1
40 5 0 73 1
801 2 5 39 5
56 3 5 99 5
327 7 2 79 1
70 8 1 15 5
788 4 2 78 0
303 1 4 64 2
6 9 5 48 2
757 6 2 6 4
836 6 2 55 3
330 10 4 15 4
350 1 1 67 3
72 3 1 46 2
579 7 1 95 0
902 2 1 36 4
962 4 0 85 3
180 3 3 56 0
821 7 5 91 2
273 2 2 29 3
382 2 2 63 2
961 4 5 92 4
604 10 4 34 0
873 3 2 48 5
796 9 2 35 3
887 7 5 97 2
247 10 3 31 5
223 6 3 50 4
547 4 5 3 5
272 9 4 86 4
485 8 4 84 1
80 10 3 1 3
727 4 3 67 1
918 1 1 74 1
428 7 3 30 3
53 1 3 80 0
425 3 0 1 5
408 5 5 46 4
57 2 0 78 0
101 10 0 56 3
721 5 4 41 5
420 1 5 7 3
800 10 5 32 3
751 1 4 2 2
764 8 2 24 3
950 6 0 91 5
903 6 3 23 5
54 3 2 70 0
63 7 5 61 0
606 7 0 44 3
909 6 3 17 4
499 1 0 51 5
298 2 4 95 2
656 9 3 75 0
2 8 1 3 4
728 9 3 17 3
813 4 0 14 4
807 1 3 85 4
898 5 3 3 1
451 1 4 67 0
62 5 5 92 3
369 10 4 56 1
858 2 4 45 4
611 5 5 14 1
383 6 1 69 5
423 5 4 32 2
300 10 3 24 2
409 1 5 20 5
603 1 0 41 3
411 5 2 72 3
959 8 1 13 3
15 10 2 41 2
591 6 4 54 2
777 10 0 6 3
132 2 0 57 0
600 5 4 18 1
505 6 4 71 2
693 2 1 52 5
299 9 4 59 5
305 7 5 84 1
37 8 3 43 5
671 2 1 82 0
481 9 0 84 0
164 6 3 0 1
197 8 3 69 5
919 10 5 25 2
628 2 0 79 3
630 9 3 15 4
956 9 0 59 5
436 9 0 69 5
794 5 1 87 4
715 8 0 93 4
70 1 3 97 1
687 6 4 22 4
592 1 3 54 1
151 5 5 37 5
201 8 2 81 2
684 2 0 75 4
276 9 1 99 0
637 6 2 4 2
495 2 3 28 1
688 7 5 43 5
372 2 3 40 0
763 9 5 6 3
492 1 4 38 1
965 2 4 0 1
370 2 0 50 2
51 4 3 28 3
338 6 3 29 5
418 8 3 18 4
224 5 1 52 2
730 9 3 39 3
192 2 4 22 1
718 7 0 32 2
756 8 5 53 0
492 7 4 72 1
573 4 0 58 5
572 1 3 25 1
124 4 3 89 3
212 3 0 42 0
166 10 0 92 4
923 7 0 36 4
240 10 5 71 2
299 4 5 88 3
1 1 3 63 2
354 9 3 52 0
703 7 0 13 2
287 5 1 23 4
552 9 2 46 0
659 7 3 3 0
539 4 2 60 5
679 7 5 43 5
662 7 1 77 2
476 4 3 9 5
291 2 0 89 4
489 7 2 56 3
625 7 4 22 5
547 9 0 30 3
180 2 5 31 3
694 6 1 91 1
955 6 0 40 1
265 5 2 3 3
57 7 0 90 3
629 3 2 85 2
562 2 5 63 3
716 6 1 31 2
884 3 5 76 1
338 5 4 0 5
252 2 3 85 0
860 4 2 82 1
449 7 5 7 1
924 9 5 41 5
104 8 4 8 2
647 4 1 42 5
461 3 0 3 0
110 5 4 78 3
808 2 4 93 0
523 2 5 71 3
335 2 4 68 4
829 7 4 12 0
130 8 4 12 3
728 6 1 20 0
198 9 4 43 3
98 8 4 86 2
789 1 5 88 4
233 6 1 69 4
643 4 3 72 1
160 10 3 46 3
716 9 4 96 3
711 5 1 6 4
351 8 4 75 4
755 6 2 32 4
175 1 5 95 1
400 10 0 12 1
704 4 0 45 2
924 3 4 14 1
502 6 2 29 3
460 3 2 56 4
733 5 1 69 0
976 10 0 80 2
181 5 5 30 1
856 5 2 62 5
290 10 5 83 4
850 2 4 41 2
359 4 2 36 4
404 7 4 23 3
411 4 3 90 1
681 1 4 20 5
773 7 0 39 5
172 2 2 29 0
755 4 4 76 2
614 5 2 55 0
954 10 0 63 4
300 8 1 10 1
686 3 5 75 3
283 5 3 44 2
88 1 1 17 5
644 6 2 50 5
677 2 4 15 4
167 3 3 45 3
815 6 0 95 2
469 2 5 86 3
598 10 3 92 2
677 10 3 11 0
336 3 0 10 4
614 1 4 6 1
797 7 0 60 4
365 9 1 74 2
97 7 3 24 1
566 9 4 26 2
701 8 0 7 4
512 6 2 39 0
431 7 1 90 5
259 6 5 20 1
61 7 1 78 4
894 6 4 21 1
247 5 4 6 0
23 5 3 51 2
565 5 2 5 5
770 6 5 41 2
698 3 5 41 0
903 5 1 0 5
359 3 2 41 0
104 3 5 88 2
571 10 0 56 5
603 3 2 93 4
365 8 2 14 2
848 9 0 30 3
91 10 4 5 0
418 2 3 6 2
967 4 0 85 0
329 3 3 5 0
699 5 3 16 5
858 2 4 60 3
162 6 3 16 0
329 6 5 15 5
706 7 3 18 0
322 10 2 71 0
890 10 5 97 4
923 5 5 88 2
752 5 3 89 1
280 7 2 32 3
709 3 0 96 1
268 4 0 6 2
802 1 1 48 4
789 3 4 67 1
696 1 2 68 0
585 9 2 38 3
603 4 4 57 4
150 3 4 74 1
730 5 5 48 3
960 3 0 95 1
912 10 1 60 1
149 10 4 14 2
862 7 1 43 1
582 10 1 96 3
49 2 1 78 1
895 7 4 65 4
114 1 0 46 3
34 2 3 20 4
861 9 2 11 3
291 5 2 40 5
614 3 2 93 1
487 5 1 93 2
469 4 1 65 3
344 1 5 66 3
808 4 4 44 4
609 9 4 69 2
78 10 2 38 5
166 7 3 85 3
465 8 2 90 0
1 8 0 0 0
200 10 0 94 0
471 5 2 40 5
603 5 4 34 3
597 2 2 41 1
617 6 5 8 2
993 2 3 41 1
660 8 4 36 1
77 10 0 3 1
592 6 1 58 2
862 1 4 16 4
830 4 3 11 3
261 6 0 38 1
470 5 0 43 2
159 4 2 29 4
910 2 1 42 2
562 9 3 11 3
581 5 0 26 3
259 10 5 62 0
545 5 3 16 0
702 10 4 89 0
782 9 4 84 4
620 6 5 88 5
640 10 1 32 0
110 1 5 26 5
351 6 3 81 1
809 7 1 11 1
625 6 4 99 1
437 10 3 92 4
167 10 5 10 3
811 10 1 79 5
527 8 4 20 3
18 1 2 67 2
498 7 4 58 2
234 1 0 89 1
755 10 1 50 2
478 4 4 67 3
922 1 2 63 2
45 6 2 69 5
137 1 2 48 3
352 7 3 5 5
304 4 1 19 5
62 7 3 70 4
519 7 4 82 2
103 1 5 59 4
751 1 2 55 2
812 5 1 20 1
668 3 2 5 1
179 4 2 85 0
889 9 2 59 0
998 3 3 60 1
592 2 2 68 4
944 3 1 14 3
765 4 4 91 0
192 9 0 70 2
597 9 0 70 5
89 3 4 35 5
494 4 1 8 0
772 2 1 10 0
231 1 1 35 2
958 1 2 41 3
614 6 2 27 1
549 1 4 12 0
807 4 0 15 4
624 6 3 29 4
629 5 5 90 3
285 2 3 26 0
261 10 0 63 4
510 1 2 76 4
892 5 1 20 2
739 2 2 35 2
241 6 4 42 0
814 2 0 20 1
150 4 1 19 3
271 4 0 74 4
574 2 3 80 5
546 3 4 42 1
858 1 1 15 3
213 10 5 58 5
832 8 2 18 5
994 3 4 45 4
820 3 0 81 2
647 2 1 12 0
512 2 1 1 3
674 6 2 34 3
645 1 5 84 5
215 9 4 66 1
757 1 3 86 5
341 8 5 69 2
177 7 2 27 3
966 2 5 89 4
161 9 0 66 3
343 8 2 99 4
188 8 0 68 2
894 7 1 66 5
760 5 2 10 5
694 1 3 77 1
899 2 2 12 4
170 8 1 41 5
741 4 2 95 5
921 5 0 93 0
25 9 0 43 0
100 5 3 15 3
807 10 1 7 5
93 10 3 99 0
69 9 4 38 2
242 5 1 37 2
897 4 3 14 4
471 10 4 42 0
821 10 4 63 3
888 9 1 5 4
820 9 5 3 1
395 4 3 7 4
340 9 4 92 1
960 7 3 40 5
689 8 1 85 4
430 8 3 22 5
384 1 3 3 4
125 5 2 80 5
121 6 1 42 5
410 2 3 91 2
599 8 0 53 2
556 6 1 11 1
484 6 3 34 2
786 10 4 87 1
978 3 1 97 3
588 7 4 12 5
766 9 5 23 4
128 1 2 80 2
342 10 5 75 4
657 5 2 61 3
544 7 4 20 3
163 9 4 6 5
740 10 2 17 5
374 1 1 73 3
598 10 4 39 1
243 6 5 50 3
725 3 0 61 5
348 4 4 80 0
917 1 3 61 2
788 1 5 8 3
593 1 5 91 5
992 9 3 44 5
973 8 0 68 3
190 2 3 0 4
343 6 2 1 5
321 5 1 77 3
235 8 2 74 4
777 7 0 49 4
665 7 5 9 1
380 5 0 40 1
12 2 4 4 5
462 7 3 78 4
88 10 1 38 1
330 9 3 80 4
789 10 0 77 0
111 7 2 21 2
803 3 0 2 1
198 6 5 46 3
933 2 0 80 5
245 4 2 25 1
713 4 0 7 3
341 1 5 86 5
937 7 3 47 4
313 7 4 2 0
190 8 3 76 1
33 8 5 34 4
103 5 0 14 5
545 2 5 27 0
508 9 3 75 1
990 8 0 89 5
586 3 0 50 0
230 2 3 91 4
855 7 4 44 4
703 1 2 15 2
961 1 4 95 0
217 3 1 68 5
852 1 1 15 5
733 7 2 64 0
978 1 1 57 3
504 7 3 20 2
500 8 5 13 2
266 10 4 98 2
880 7 5 57 4
290 6 1 93 4
691 10 0 7 4
699 4 3 76 2
790 5 3 91 0
759 3 1 84 1
403 3 1 88 5
711 6 0 24 2
91 5 4 86 2
796 8 1 17 1
696 6 0 33 3
440 9 2 96 4
322 1 1 44 4
272 3 2 2 0
643 2 3 11 1
372 1 4 76 5
730 10 4 51 4
704 2 5 95 0
927 5 2 72 0
595 2 3 2 3
581 4 5 16 0
952 3 1 72 3
410 2 5 53 2
26 1 0 86 2
577 5 4 11 4
538 3 5 6 1
810 7 1 46 0
231 7 0 12 5
881 5 3 18 0
226 6 4 39 2
24 3 1 15 0
692 9 2 63 0
301 2 0 25 0
711 9 1 81 1
588 4 0 51 4
901 7 3 83 4
929 9 5 38 2
803 8 0 25 0
445 2 5 78 0
147 1 0 54 1
994 10 2 57 5
757 4 0 71 2
496 5 3 52 3
998 4 1 39 3
16 1 1 39 0
167 4 0 57 1
701 9 0 63 1
916 1 4 72 1
618 7 2 20 0
849 8 5 9 1
626 9 4 13 0
611 10 4 54 3
505 8 3 46 0
542 5 2 3 0
787 1 4 38 1
784 4 3 77 1
338 3 0 55 2
636 5 3 54 1
487 3 4 79 3
468 2 2 40 0
228 9 5 65 3
582 5 2 5 0
96 5 5 68 5
392 10 1 65 4
173 9 2 80 2
769 9 4 98 2
79 9 5 30 1
599 6 3 61 5
570 2 1 40 1
738 5 1 91 3
521 7 4 53 3
744 4 0 4 5
524 2 1 57 2
523 2 4 24 0
49 6 3 96 3
886 6 5 39 2
266 3 2 92 1
749 8 0 88 4
883 8 4 62 3
413 8 3 14 1
228 7 1 59 1
735 2 0 66 5
166 5 3 92 2
914 9 5 28 0
86 4 2 59 5
604 8 5 59 5
840 4 1 36 3
237 5 0 4 0
488 5 1 12 5
27 4 4 42 1
278 5 2 97 0
928 3 4 14 3
825 3 2 37 3
635 4 2 23 4
901 4 5 11 5
127 6 1 97 0
319 3 0 38 5
529 6 3 87 1
588 7 0 13 3
483 4 1 79 5
603 3 2 79 4
287 1 5 95 0
347 3 1 8 3
170 6 2 34 3
886 7 0 21 5
120 6 2 24 5
408 10 4 38 5
795 9 4 29 0
444 9 5 86 4
196 3 1 42 1
641 10 5 23 2
631 7 5 59 0
748 8 1 93 2
743 1 3 85 0
433 2 2 80 2
605 8 2 10 3
175 4 5 36 5
573 7 2 56 0
550 6 0 6 0
858 8 1 3 2
995 8 2 10 1
442 4 5 40 3
103 8 5 56 4
916 10 4 65 4
209 7 0 68 3
876 3 5 88 4
753 9 3 68 3
80 3 4 40 0
691 5 5 58 0
884 10 4 5 0
269 10 5 67 1
261 10 1 43 0
443 10 5 33 2
590 10 3 48 2
965 6 0 63 0
115 2 4 60 4
213 8 5 39 0
595 7 4 2 3
559 6 4 81 5
47 9 3 79 3
847 3 5 70 5
708 8 2 4 4
745 10 5 83 4
371 3 0 45 4
890 3 3 54 0
277 4 5 64 2
45 8 1 10 4
8 7 2 95 1
150 3 3 85 0
106 8 5 39 0
818 1 1 56 3
553 9 0 35 0
354 8 4 21 3
445 9 4 4 4
406 7 5 81 5
565 3 3 37 2
236 3 4 52 1
418 7 1 37 4
884 10 5 52 4
461 6 5 64 3
962 1 4 81 5
953 4 2 23 2
195 1 4 28 2
875 6 1 2 5
230 4 0 6 1
223 4 1 31 5
142 7 2 86 4
293 2 0 55 2
156 7 5 1 1
222 10 4 7 0
207 7 4 37 0
981 9 0 2 5
694 1 1 53 4
116 5 1 90 1
95 1 4 92 3
853 4 0 74 2
691 6 3 53 5
167 5 1 48 1
137 5 4 24 4
672 9 1 19 3
914 5 3 78 4
686 1 0 84 3
475 7 0 87 5
51 6 4 86 5
180 5 4 64 5
821 7 2 7 3
156 1 2 99 3
630 1 3 77 1
91 5 3 78 2
801 9 4 97 2
257 9 4 94 2
105 6 0 99 2
932 7 5 55 4
677 2 5 98 4
370 3 5 40 4
486 7 3 45 2
829 7 1 68 3
779 7 0 52 4
568 4 3 38 0
647 2 3 49 2
899 2 1 52 2
101 3 1 34 2
384 10 5 87 1
372 7 5 55 2
335 9 0 36 0
467 6 3 43 0
911 6 5 96 2
923 9 1 5 4
912 8 4 80 4
866 4 3 0 0
374 4 3 65 5
576 6 2 90 4
96 3 2 10 2
22 7 3 34 2
675 2 4 81 2
303 4 1 97 4
817 3 3 5 0
383 8 5 4 4
250 9 5 42 5
693 9 1 47 4
882 4 0 30 3
189 3 3 33 0
354 1 0 78 3
671 1 4 96 4
725 3 3 44 1
424 4 2 33 2
916 6 4 80 3
81 2 5 34 0
630 8 3 14 1
877 8 0 86 2
661 8 0 94 0
342 4 2 64 1
349 7 2 76 3
554 2 4 28 2
447 7 1 10 0
209 5 1 60 4
237 2 3 54 2
439 2 1 48 2
142 6 2 23 3
57 9 0 81 1
40 2 3 1 2
58 5 1 0 1
145 7 0 10 3
116 1 3 92 5
246 5 1 43 4
845 4 0 98 2
896 9 5 9 4
289 7 1 69 4
334 6 4 46 3
565 6 4 97 2
505 2 2 11 3
161 4 1 74 4
45 4 4 87 0
172 7 1 8 0
588 1 5 76 5
644 4 2 66 2
791 3 1 20 0
186 9 4 49 3
289 4 1 63 2
873 3 4 7 0
949 5 0 31 0
766 9 4 41 1
562 7 3 18 2
169 7 2 10 4
333 10 5 68 1
930 3 1 84 4
881 5 3 94 3
913 6 4 87 2
199 10 5 98 1
734 8 1 12 5
662 9 1 51 0
548 8 4 80 1
886 6 2 97 3
443 1 2 42 1
162 7 5 77 0
520 7 2 49 4
843 10 5 95 1
517 6 3 16 3
744 6 1 60 0
412 7 3 92 5
325 8 3 44 2
629 5 4 39 5
667 5 5 76 5
264 3 3 98 3
935 10 4 59 0
163 6 5 83 1
893 7 1 45 2
135 9 3 43 2
903 5 0 34 1
979 5 5 46 3
461 8 0 38 5
701 7 1 42 1
425 7 1 8 1
914 4 1 58 3
938 2 2 27 5
544 9 4 25 2
9 8 5 5 3
404 7 5 47 5
291 5 1 27 0
530 3 5 46 1
741 10 4 23 0
680 2 4 48 4
69 2 0 82 0
720 3 2 61 5
190 9 4 56 2
555 1 5 99 5
863 1 4 85 0
438 6 4 93 4
889 4 3 51 2
416 4 0 63 3
148 7 2 12 4
699 5 5 16 0
306 3 5 94 0
861 7 1 96 1
407 1 0 12 5
859 10 4 32 1
241 5 5 44 4
801 10 3 86 1
331 7 2 96 3
475 5 5 18 4
163 7 4 83 1
448 8 4 75 4
134 10 5 59 2
227 5 2 89 2
623 8 3 57 0
818 10 1 77 5
581 2 5 24 1
907 8 5 67 4
457 8 5 8 2
572 4 5 73 4
209 6 5 70 4
725 4 0 51 0
310 9 5 78 1
628 10 0 99 2
483 2 5 72 0
320 7 2 44 2
411 1 1 81 1
148 9 0 2 3
614 5 0 87 3
343 1 3 60 0
711 8 4 55 0
553 6 5 7 1
159 8 2 28 2
805 3 0 75 4
322 4 1 74 4
573 2 0 20 0
319 5 5 28 4
28 5 0 58 1
767 7 0 7 0
153 9 5 40 3
285 2 4 94 5
227 9 2 39 5
792 8 1 39 5
459 7 0 69 4
535 3 2 84 5
937 9 5 75 1
434 5 5 18 4
997 9 3 2 0
607 3 0 97 1
325 10 2 54 3
82 10 2 39 2
460 4 3 5 1
493 9 1 82 3
993 3 3 25 3
677 9 3 7 2
754 4 4 74 1
954 8 4 91 0
120 6 2 73 5
338 9 2 18 3
1 3 2 53 3
303 7 3 77 2
337 8 1 98 5
963 2 4 42 5
361 2 4 89 4
159 6 1 56 3
208 8 2 35 0
739 7 2 3 4
499 4 4 75 4
920 7 2 6 1
677 5 1 73 0
649 4 2 72 4
305 7 5 6 0
267 2 3 53 2
174 9 4 46 5
943 6 5 58 4
305 5 0 11 1
613 8 0 73 1
946 6 4 31 5
871 2 4 94 5
198 10 3 3 4
457 8 4 91 1
689 10 4 93 3
216 7 1 75 5
516 10 4 31 2
725 7 3 64 1
57 3 3 0 1
140 10 1 50 4
461 2 5 13 5
456 1 1 69 4
516 6 5 84 3
80 9 5 93 1
918 5 4 44 1
542 4 4 82 4
746 10 4 28 2
223 9 4 18 5
97 7 3 45 2
51 7 3 33 1
410 9 5 47 1
253 7 5 12 5
602 2 0 43 3
459 4 5 93 4
737 7 2 77 0
746 8 1 94 3
572 7 3 39 1
712 2 3 80 4
525 10 3 35 1
488 3 4 0 0
502 6 2 98 5
47 4 1 20 3
192 7 4 31 4
277 4 2 50 2
590 10 4 83 0
499 1 2 1 5
713 2 2 83 5
514 5 2 35 2
414 8 5 92 0
811 9 2 15 3
255 9 4 79 5
317 9 2 6 2
174 6 1 91 2
84 1 3 17 4
931 10 4 33 0
277 8 1 7 5
930 10 2 48 1
269 4 4 34 0
918 10 3 72 2
990 7 5 5 2
45 8 2 10 0
65 3 3 14 2
142 2 2 55 2
481 1 3 78 4
469 3 4 55 5
104 9 2 77 1
767 9 0 79 3
641 3 0 19 0
694 8 3 64 3
180 6 1 28 1
316 7 1 26 2
627 9 5 76 3
194 10 4 9 0
635 8 3 95 3
834 10 2 90 2
515 3 4 79 2
170 10 3 44 4
423 5 0 43 0
140 4 2 78 2
157 6 2 89 0
451 9 4 8 0
587 6 0 7 2
160 2 2 40 4
956 5 1 5 4
946 2 5 44 4
463 1 0 4 2
412 9 2 4 5
689 1 1 76 4
493 5 3 53 4
350 6 3 34 2
830 5 1 35 0
96 7 0 64 4
911 3 2 53 4
754 2 5 44 3
355 6 1 27 4
365 9 5 21 5
708 3 2 89 2
548 1 1 15 2
145 2 2 57 2
443 6 0 89 0
36 6 0 0 2
956 2 5 43 2
806 2 4 31 3
484 4 2 72 0
946 9 5 9 0
305 7 2 34 1
864 5 1 96 0
774 1 2 99 5
357 6 0 86 4
647 6 5 18 4
734 2 2 93 5
650 2 4 43 3
351 3 4 18 4
7 9 2 16 2
364 5 1 38 3
528 6 5 1 0
455 8 4 14 0
340 5 5 81 2
432 4 2 37 4
204 9 2 92 5
685 1 2 26 3
571 5 3 21 4
81 5 2 26 4
90 10 0 11 3
630 8 0 5 2
399 9 1 81 5
27 2 2 87 1
174 5 3 76 3
757 6 5 6 1
213 7 3 66 2
879 3 0 5 1
186 3 4 77 5
585 1 3 4 1
52 6 0 52 4
679 2 3 50 1
909 6 0 18 2
953 7 0 6 4
306 4 4 39 3
94 3 2 9 5
972 8 5 26 2
997 6 4 42 0
313 5 3 48 1
886 1 1 96 1
424 7 5 54 4
265 6 4 39 3
153 8 2 51 3
86 4 0 29 5
32 3 2 15 1
999 4 4 66 2
587 2 4 88 2
87 7 5 60 1
633 7 3 58 0
412 6 3 56 2
847 8 1 67 3
97 2 0 23 5
51 3 1 58 0
960 5 5 67 2
401 8 3 43 4
164 9 2 51 0
702 8 2 21 2
278 1 0 17 2
643 10 0 91 2
201 10 0 17 5
29 8 5 47 3
757 5 1 28 1
402 10 5 39 5
